accuracy:0.8774509803921569
f1:0.9134948096885814
combined_score:0.8954728950403692
