IJB-C(1E-5): 95.07593
IJB-C(1E-4): 96.70195
