IJB-C(1E-5): 95.08105
IJB-C(1E-4): 96.70706
