IJB-C(1E-5): 94.94299
IJB-C(1E-4): 96.62014
